1000007121234
1000098319681
1000098323074
1000098324149
1000098332665
1000098221923
1000098502681
1000098693276
1000098767418
1000098503634
1000099056394
1000098959955
1000099056955
1000099296323
1000099433395
1000099496749
1000098502441
1000099690083
1000099760161
1000098377084
1000009761842
1000100460091
1000100477611
1000100334961
1000098502218
1000100631177
1000100411794
1000100706087
1000100714631
1000098502829
1000098502701
1000100721085
1000098376897
1000100927381
1000100714718
1000101177187
1000101177162
1000100631334
1000100631313
1000100642855
1000099451873
1000100492696
1000100683747
1000098502903
1000101631795
1000100528829
1000101765216
1000101415456
1000101884926
1000099712902
1000100983738
1000100687426
1000100625817
1000101415418
1000102106698
1000101341986
1000100631182
1000101683512
1000102369192
1000101452872
1000101242771
1000100927428
1000102769857
1000101631597
1000100721071
1000101895124
1000103074753
1000098376154
1000100899751
1000102653802
1000098502127
1000102585456
1000103209819
1000098502279
1000102484433
1000098375338
1000104366264
1000104554334
1000100664281
1000105189044
1000098502519
1000098377197
1000098504751
1000103316983
1000104201668
1000102841679
1000100683756
1000001019714
1465891068749
1000008855817
1000103325237
1000104059729
1000100687454
1000104743711
1000098377741
1000098377826
1000101318614
1000103243394
1000098377369
1000100642654
1000102147115
1000098375369
1000103640931
1000103342492
1000098375119